1 10.91006 12 14 32 1 1
2 19.499981 12 5 30 0 1
3 12.03991 12 15 35 1 1
4 6.799996 12 6 34 0 1
5 20.100058 14 7 31 1 1
6 9.859054 12 33 54 0 1
7 9.152048 16 11 37 0 1
8 10.900038 12 35 54 0 1
9 17.305 12 24 48 0 1
10 12.925 12 21 39 0 1
11 24.299953 12 15 33 0 1
12 19.700071 11 14 42 0 1
13 15.000008 12 0 30 1 1
14 14.6 12 14 43 0 1
15 24.630915 10 6 43 0 1
16 17.531027 11 9 35 0 1
17 14.09998 12 20 43 0 1
18 15.839 12 6 39 0 1
19 14.1 12 23 45 0 1
20 10.299961 12 9 35 0 1
21 22.654982 16 5 42 0 1
22 8.090048 12 11 30 0 1
23 17.479 13 18 48 0 1
24 9.56 12 15 45 0 1
25 8.274953 12 4 31 1 1
26 27.349985 17 21 43 0 1
27 16 12 31 59 0 1
28 16.999983 12 9 32 0 1
29 15.100056 17 7 31 1 1
30 15.699984 12 7 42 0 1
31 5.11896 11 32 50 0 1
32 16.750011 16 11 59 0 1
33 13.599932 13 16 36 0 1
34 17.100048 12 14 51 0 1
35 16.734049 16 27 45 0 1
36 14.196978 11 0 42 0 1
37 10.319987 12 17 46 0 1
38 11.384105 10 28 46 0 1
39 14.594078 14 24 51 0 1
40 17.500439 17 11 30 0 1
41 15.509996 12 1 30 1 1
42 21.999975 12 14 57 0 1
43 22.5 16 6 31 1 1
44 19.993999 12 10 48 0 1
45 14.13 12 6 30 0 1
46 5.000013 12 4 34 0 1
47 21.154898 16 10 48 0 1
48 7.141946 12 22 45 0 1
49 16.650072 12 16 51 0 1
50 6.352 12 6 30 0 1
51 27.313948 12 12 46 0 1
52 14.500004 12 32 58 0 1
53 16.25799 12 15 37 0 1
54 9.5 8 17 52 0 1
55 7.999956 10 34 52 0 1
56 12.500029 16 9 31 0 1
57 14.000032 14 37 55 0 1
58 20.800074 17 10 34 0 1
59 19.385113 14 35 55 0 1
60 12.386992 12 6 39 0 1
61 28.5 14 19 40 0 1
62 15.049909 12 10 43 0 1
63 10.499984 8 11 48 0 1
64 11.81 12 15 47 0 1
65 6.950073 12 12 41 0 1
66 12.419971 8 12 36 0 1
67 17.400003 17 14 46 0 1
68 15.499996 12 11 34 0 1
69 21.217043 12 9 41 0 1
70 18 12 24 51 0 1
71 11.899919 12 12 33 0 1
72 26.751955 12 13 52 0 1
73 12.149961 9 29 58 0 1
74 10.19999 10 11 34 2 1
75 8.120015 12 13 31 0 1
76 10.659965 12 19 48 0 1
77 18.10001 12 2 32 0 1
78 8.599986 17 24 49 0 1
79 13.665 15 9 32 2 1
80 32.34996 12 6 58 0 1
81 12.085006 6 22 50 0 1
82 12.15 14 30 60 0 1
83 17.695021 12 10 50 0 1
84 24.700001 14 6 56 0 1
85 2.133992 9 29 51 0 1
86 20.950048 17 29 54 0 1
87 10.50008 13 36 59 0 1
88 10.55 9 19 46 0 1
89 45.75 15 8 46 0 1
90 13.63204 12 13 39 1 1
91 18.238939 12 16 44 0 1
92 17.089996 12 11 33 2 1
93 30.2349 12 15 33 1 1
94 28.700001 12 6 48 0 1
95 19.629995 12 13 31 0 1
96 12.824943 12 22 45 0 1
97 23.799999 12 24 45 0 1
98 26.300026 13 2 32 0 1
99 20.699907 12 6 47 0 1
100 26.000004 13 2 34 0 1
101 10.877021 12 2 37 0 1
102 25.612062 12 14 36 0 1
103 20.988995 12 9 47 1 1
104 70.749931 16 11 48 0 1
105 17.049999 12 9 42 0 1
106 20.999996 13 6 33 0 1
107 8.12 11 19 46 0 1
108 20.88599 12 26 47 0 1
109 17.668919 12 19 44 0 1
110 25.200029 12 3 36 0 1
111 14.245006 17 7 31 2 1
112 14.3 14 28 55 0 1
113 23.70001 16 13 45 0 1
114 45.999996 17 9 47 0 1
115 42.999905 12 15 46 0 1
116 14.749 11 20 49 0 1
117 16.150055 12 29 49 0 1
118 17.774 12 9 45 0 1
119 91 17 1 38 1 1
120 22.299934 10 8 47 0 1
121 34.600014 13 19 54 0 1
122 9.620002 11 23 41 0 1
123 10.899946 12 3 43 0 1
124 14.499944 16 13 31 1 1
125 22.000015 17 8 47 0 1
126 17.90008 12 17 35 0 1
127 23.675062 16 4 45 0 1
128 11.79996 12 15 33 1 1
129 16.141954 16 11 54 0 1
130 18.399971 8 7 35 0 1
131 15.499948 12 0 31 1 1
132 17.323999 12 0 55 0 1
133 19.205004 12 10 34 0 1
134 21.300062 13 8 38 0 1
135 23.559996 11 2 45 0 1
136 20.85 12 4 47 0 1
137 26.15 12 6 39 0 1
138 17 14 18 36 1 1
139 20.720003 12 3 33 1 1
140 17.00009 12 22 50 0 1
141 15.999998 12 33 58 0 1
142 19.50005 17 28 49 0 1
143 12.000004 14 23 41 0 1
144 13.731912 12 27 51 0 1
145 27.199991 9 11 53 0 1
146 5.315 12 6 36 1 1
147 16 12 11 46 0 1
148 27.871983 12 14 36 0 1
149 40.000011 14 17 53 0 1
150 15.900034 16 17 40 0 1
151 27.499969 17 14 42 0 1
152 17.02005 15 11 33 1 1
153 22.394939 12 7 43 0 1
154 11.1 16 8 31 1 1
155 32.700012 17 6 47 0 1
156 27.799961 17 8 54 0 1
157 2.199994 12 4 33 1 1
158 19.720951 16 25 43 0 1
159 9.999988 13 24 46 0 1
160 13.199968 12 11 35 0 1
161 12.708975 11 19 37 0 1
162 27.300047 16 9 37 0 1
163 21.200001 14 19 34 0 1
164 14.400004 16 14 43 1 1
165 20.57596 12 22 46 0 1
166 12.49999 9 6 35 0 1
167 17.500216 17 23 46 0 1
168 44.000038 14 15 46 0 1
169 13.118955 12 6 43 0 1
170 14.000056 12 11 30 0 1
171 9.645086 11 2 41 0 1
172 17.397045 12 22 54 0 1
173 7.799889 12 10 31 0 1
174 13.133977 10 14 44 0 1
175 25.6 12 12 32 0 1
176 13.900025 5 9 47 0 1
177 19.297943 17 13 46 0 1
178 9.200016 11 18 37 0 1
179 37.999989 12 8 51 0 1
180 44 12 11 49 0 1
181 21.372025 14 9 36 0 1
182 23.66802 11 9 39 0 1
183 9 12 14 48 0 1
184 25.199951 14 9 38 0 1
185 21.219999 12 2 40 0 1
186 33.969913 10 12 39 1 1
187 17.07 16 15 37 0 1
188 6.016024 13 11 49 0 1
189 17.10001 12 7 33 0 1
190 8.237 12 9 30 0 1
191 13.300082 12 19 54 0 1
192 16.000021 11 11 39 0 1
193 12.53999 12 8 43 0 1
194 18.000038 9 13 31 0 1
195 31.200001 13 4 33 0 1
196 20.74991 12 7 40 0 1
197 11.09992 12 19 36 0 1
198 20.68 12 14 51 0 1
199 18.00001 13 14 44 0 1
200 32.430065 16 3 42 0 1
201 32.90003204 12 9 40 0 1
202 24.1000061 16 7 34 1 1
203 17.80039215 17 7 30 0 1
204 20.50001717 12 14 54 0 1
205 10.49989796 12 29 51 0 1
206 10.43703461 9 19 44 0 1
207 18.19499016 12 14 43 0 1
208 12.84507656 12 16 34 0 1
209 13.80000019 13 10 45 0 1
210 22.19999504 12 12 39 0 1
211 6.69994116 12 24 50 0 1
212 6.25001574 12 6 52 0 1
213 15.60000801 12 9 41 0 1
214 3.30000997 10 14 59 0 1
215 3.67097759 12 26 52 0 1
216 7.7899971 16 7 46 0 1
217 18.27198982 12 4 41 1 1
218 10.95397949 11 15 33 0 1
219 13.49999237 12 23 45 0 1
220 11.20001221 10 1 36 1 1
221 20.99990845 12 29 48 0 1
222 25.69999886 12 9 47 0 1
223 8.93299389 12 6 45 0 1
224 19.15997696 12 11 37 0 1
225 26.5899868 16 17 46 0 1
226 22.40000534 17 6 43 0 1
227 20.63299942 12 7 42 0 1
228 28.20000648 17 2 34 1 1
229 28.79999924 12 24 52 0 1
230 8.99999714 12 4 37 0 1
231 11.3999424 12 11 37 0 1
232 10.40001392 8 25 52 0 1
233 19.08005524 12 11 30 1 1
234 9.46603966 13 2 31 0 1
235 6.50006008 12 19 38 0 1
236 29.11701393 12 7 43 0 1
237 19.10301971 8 2 49 0 1
238 16.34997177 12 20 55 0 1
239 32.02501678 17 10 38 0 1
240 16.7000618 17 19 52 0 1
241 4.81103754 12 17 48 0 1
242 24.62600899 13 12 32 0 1
243 17.40001297 12 11 32 0 1
244 13.02503967 12 6 38 0 1
245 19.0069828 12 10 46 0 1
246 14.02999973 12 4 40 0 1
247 14.89990616 9 2 31 0 1
248 25.00005531 10 13 43 0 1
249 10.70006752 12 21 51 0 1
250 24.25000381 16 9 30 1 1
251 39.13996506 13 4 52 0 1
252 7.19997311 8 2 30 1 1
253 31.81099892 16 19 51 0 1
254 10.00004768 13 4 31 0 1
255 20.65999985 12 9 34 0 1
256 13.49997616 11 14 49 0 1
257 25.37999535 13 6 35 1 1
258 18.27497673 12 24 53 1 1
259 39.21300125 12 1 32 0 1
260 10.4999361 10 13 38 0 1
261 34.85699844 12 3 54 0 1
262 28.5019989 17 10 47 0 1
263 12.99995995 15 16 45 0 1
264 41.39990997 16 9 47 0 1
265 14.77999973 10 19 59 0 1
266 15.04999828 11 4 32 0 1
267 29.69997787 12 10 45 0 1
268 16.16501999 12 5 40 0 1
269 25.20515823 14 7 47 0 1
270 14.19999886 16 3 36 1 1
271 18.15896797 14 38 56 0 1
272 28.98106384 8 16 41 0 1
273 13.39200306 7 13 48 0 1
274 9.17502022 12 1 36 1 1
275 27.03984833 12 7 41 0 1
276 13.14995193 14 15 41 0 1
277 16.40007019 12 10 36 0 1
278 21.29999161 12 2 37 0 1
279 17.20101547 12 19 38 0 1
280 8.56002617 14 25 43 0 1
281 6.49083996 16 25 54 0 1
282 12.49996758 12 7 38 0 1
283 27.0000248 12 15 30 1 1
284 53.50004959 12 11 49 0 1
285 52.49994659 13 25 45 0 1
286 38.39997864 13 19 51 0 1
287 13.89194489 10 4 34 0 1
288 3.89999294 12 14 34 0 1
289 34.19999695 12 19 41 0 1
290 19.70007896 12 18 49 0 1
291 18.49995232 12 14 32 0 1
292 10.99997616 14 11 32 0 1
293 43.30001068 17 4 32 0 1
294 18.76000786 10 29 47 0 1
295 4.80009604 9 21 39 0 1
296 21.50000191 12 24 49 0 1
297 28.03993797 12 19 37 0 1
298 26.00000381 16 31 59 0 1
299 27 12 28 50 0 1
300 17.79968834 17 15 32 0 1
301 17.40194511 12 27 46 0 1
302 19.30999184 17 13 43 0 1
303 9.99997997 11 4 37 0 1
304 11.17998028 16 10 32 0 1
305 18.85695648 11 8 39 0 1
306 12.30002022 13 4 34 0 1
307 13.6771183 11 18 39 0 1
308 9.5599966 8 3 45 0 1
309 24.49998474 11 11 50 0 1
310 23.14999962 12 8 40 0 1
311 15.59088326 10 10 30 0 1
312 14.42092419 17 33 57 0 1
313 17.45490837 12 19 39 0 1
314 9.80001926 12 35 53 0 1
315 17.5744648 17 21 48 0 1
316 16.55500031 14 7 46 0 1
317 13.29497433 12 18 47 0 1
318 11.84400272 12 4 43 0 1
319 46.64506149 12 12 47 0 1
320 14.69998932 12 16 47 0 1
321 26.09008026 12 14 47 0 1
322 9.89999962 12 3 46 0 1
323 9.04802608 9 1 34 0 1
324 30.75006485 10 27 48 0 1
325 8.49993992 12 12 30 0 1
326 22.24999237 12 6 51 0 1
327 42.90999985 12 9 52 0 1
328 33.29999924 12 2 37 0 1
329 13.81990337 12 6 32 0 1
330 23.60000801 17 9 36 0 1
331 13.00006771 12 16 35 0 1
332 20.74994087 17 22 45 0 1
333 6.30000019 12 26 56 0 1
334 7.78892469 10 11 40 0 1
335 10.47004032 12 11 45 1 1
336 12 12 15 32 0 1
337 16.97991562 12 13 45 0 1
338 17.89999962 12 6 40 0 1
339 15.53993702 12 20 38 0 1
340 9.88398552 12 17 49 0 1
341 28.59995079 16 8 47 0 1
342 17.66001129 13 13 52 0 1
343 25.99991798 13 15 34 0 1
344 13.60200977 12 14 44 0 1
345 15.80000019 16 14 36 0 1
346 41.09999466 17 6 50 0 1
347 10.77504158 12 24 45 0 1
348 9.00004673 14 10 44 0 1
349 24.39899445 12 2 57 0 1
350 37.30009079 17 9 35 0 1
351 27.9999485 12 23 46 0 1
352 13.70000267 14 12 30 2 1
353 17.20994377 12 8 42 0 1
354 14.00001431 12 16 34 0 1
355 35.75502014 17 10 45 0 1
356 23.49999619 16 7 35 1 1
357 31.99993324 16 19 40 0 1
358 17.1499958 12 2 32 0 1
359 20.2500248 9 9 54 0 1
360 5.4859848 12 14 38 0 1
361 25.07504082 12 9 43 0 1
362 18.21995163 16 16 54 0 1
363 25.99999619 14 7 39 0 1
364 34.50007248 12 6 37 0 1
365 12.39999962 12 22 46 0 1
366 10.78684998 11 9 56 0 1
367 16.32300758 12 9 41 0 1
368 30.5 16 14 45 0 1
369 51.2996254 17 17 44 0 1
370 33.04997253 17 12 50 0 1
371 34.75001144 14 13 37 0 1
372 16.40003967 12 8 44 0 1
373 19.70007324 14 10 32 0 1
374 6.60000277 12 16 34 1 1
375 9.02000809 10 1 32 0 1
376 10.4000082 12 6 37 0 1
377 14.51998806 13 4 44 0 1
378 17.19999695 16 8 34 0 1
379 43 12 4 33 1 1
380 13.87195969 7 15 43 0 1
381 -0.02905745 16 7 35 0 1
382 16.76994324 14 14 43 0 1
383 7.79999971 12 16 34 0 1
384 14.5000639 10 15 36 0 1
385 7.9000001 12 23 41 0 1
386 79.80001068 16 19 41 0 1
387 7.17597008 10 4 35 0 1
388 17.5069828 12 12 32 1 1
389 20.60000038 14 12 30 0 1
390 18.55991554 12 25 43 0 1
391 9.30000019 6 14 54 0 1
392 5.12000751 15 14 35 0 1
393 14.50003815 12 11 50 0 1
394 19.79999924 17 7 34 1 1
395 18.29994965 14 18 52 0 1
396 33.99993515 13 4 35 0 1
397 11.62793636 6 37 55 0 1
398 11.80004597 16 13 35 0 1
399 39.09997559 14 14 49 0 1
400 18.43007088 15 17 38 2 1
401 21 14 5 42 0 1
402 59 8 2 48 0 1
403 25.299999 14 0 51 0 1
404 23.248991 12 3 43 0 1
405 24.928087 12 21 43 0 1
406 14.781988 12 20 38 0 1
407 18.900028 12 19 44 0 1
408 21 12 4 36 1 1
409 10.00001 12 19 38 0 1
410 29.309975 8 11 47 0 1
411 13.140032 12 14 34 0 1
412 25.089994 17 8 40 1 1
413 14.599932 12 13 31 0 1
414 1.200001 12 24 46 0 1
415 32.000004 14 1 36 0 1
416 16.11997 13 1 39 1 1
417 26.500023 17 3 36 0 1
418 12.750055 8 4 37 0 1
419 12.9 12 21 39 0 1
420 10.699975 11 10 36 1 1
421 14.434031 12 13 49 0 1
422 23.709 12 9 45 1 1
423 15.100004 17 14 32 2 1
424 18.199976 10 2 36 0 1
425 22.641056 12 21 40 0 1
426 21.640079 13 22 43 0 1
427 23.999985 12 14 33 0 1
428 16.000015 12 7 30 0 1
429 21.025 12 2 49 0 1
430 23.6 16 5 30 2 1
431 22.799999 12 12 30 1 1
432 35.91 12 1 41 0 1
433 21.700001 12 12 45 0 1
434 21.823 12 4 43 0 1
435 31 13 9 42 0 1
436 15.3 12 9 60 0 1
437 12.925 12 6 57 0 1
438 15.83 10 5 38 0 1
439 30.200001 12 5 56 0 1
440 16.6 12 8 32 0 1
441 11 7 2 49 0 1
442 15 12 6 55 0 1
443 20.528 9 0 36 1 1
444 13.126 12 3 44 0 1
445 15.55 10 7 44 0 1
446 18.01 14 3 35 1 1
447 18.874001 14 10 44 2 1
448 24.799999 12 3 45 0 1
449 17.5 12 2 34 1 1
450 16.15 17 12 30 2 1
451 15.189 8 15 39 0 1
452 6 12 5 36 0 1
453 37.25 17 4 38 0 1
454 27.76 12 10 53 0 1
455 9.09 12 1 36 0 1
456 14.5 12 8 32 1 1
457 19.700001 9 20 51 0 1
458 16.788 11 4 38 0 1
459 18.52 12 7 33 2 1
460 20.950001 12 10 54 0 1
461 7.574 9 3 38 0 1
462 10.027 11 5 30 2 1
463 5 12 10 34 2 1
464 7.04 9 0 34 0 1
465 40.799999 12 3 50 0 1
466 16.049999 17 10 30 2 1
467 33.099998 12 2 38 0 1
468 33.855999 14 10 54 0 1
469 20.5 12 4 30 1 1
470 28.6 12 0 55 0 1
471 18.75 10 10 51 0 1
472 20.299999 12 5 44 0 1
473 13.42 12 0 53 0 1
474 18.4 10 0 42 0 1
475 16.681999 12 19 38 0 1
476 32.685001 13 2 38 1 1
477 7.05 12 12 41 1 1
478 10.867 8 5 35 0 1
479 18.219999 12 5 33 1 1
480 26.613001 13 5 48 0 1
481 25 12 10 47 0 1
482 15.7 12 0 34 0 1
483 40.25 13 4 33 2 1
484 73.599998 13 3 31 3 1
485 10.592 8 2 58 0 1
486 8 12 1 49 0 1
487 13.4 8 0 55 0 1
488 23.700001 14 1 44 0 1
489 18.9 9 1 44 0 1
490 48.299999 16 6 36 0 1
491 24.469999 12 12 38 0 1
492 28.629999 16 6 37 0 1
493 25.32 12 9 47 0 1
494 13.53 12 14 47 0 1
495 14.8 12 13 32 1 1
496 17.4 12 8 43 1 1
497 15.98 11 0 42 1 1
498 16.576 12 1 56 0 1
499 21.85 13 3 38 0 1
500 14.6 12 13 52 0 1
501 21.6 12 3 50 0 1
502 24 16 8 33 0 1
503 20.882999 16 8 44 0 1
504 19.5 12 18 41 0 1
505 42.799999 12 2 45 0 1
506 41.5 14 3 53 0 1
507 18.965 14 5 53 0 1
508 16.1 12 2 42 0 1
509 14.7 13 10 32 2 1
510 18.799999 12 30 56 0 1
511 14.75 11 1 37 1 1
512 21 12 5 40 1 1
513 35.400002 15 8 54 0 1
514 10.7 7 0 53 0 1
515 24.5 12 4 48 0 1
516 17.045 12 2 36 1 1
517 18.799999 12 30 57 0 1
518 14 12 25 51 0 1
519 18.214001 13 3 33 0 1
520 20.177 12 20 52 0 1
521 8.3 10 20 56 0 1
522 14.2 12 0 36 1 1
523 21.768 14 15 36 1 1
524 29.552999 12 10 46 0 1
525 4.35 10 4 31 0 1
526 24 11 3 52 0 1
527 18.299999 12 10 46 0 1
528 17.200001 12 9 35 2 1
529 16.476 12 7 59 0 1
530 13.4 8 12 36 0 1
531 44.987999 7 0 51 1 1
532 18.200001 16 16 31 1 1
533 28 14 4 31 0 1
534 11.55 12 7 32 1 1
535 28.450001 16 7 35 1 1
536 15.096 12 14 40 0 1
537 8.009 10 2 33 1 1
538 10.04 7 20 54 0 1
539 16.700001 12 5 36 1 1
540 8.4 10 10 50 0 1
541 13 8 20 54 0 1
542 17.969999 11 10 48 0 1
543 18.450001 15 8 41 0 1
544 31 12 11 50 0 1
545 24.135 12 3 46 0 1
546 31.700001 13 6 42 0 1
547 10.19 9 4 31 1 1
548 21.573999 12 4 53 0 1
549 26.68 12 9 51 0 1
550 17.700001 12 10 47 0 1
551 29.4 12 3 50 0 1
552 22.159 6 2 37 0 1
553 35 12 2 30 2 1
554 8.63 12 0 49 0 1
555 17.08 12 8 52 0 1
556 32.5 12 6 47 0 1
557 16 12 15 49 0 1
558 18.85 12 15 44 0 1
559 17.5 8 9 53 0 1
560 19.392 12 8 30 1 1
561 14.45 12 18 54 0 1
562 21.799999 7 3 47 1 1
563 7.7 15 10 56 0 1
564 31.799999 12 6 49 0 1
565 17.257999 6 20 48 0 1
566 13.399 12 8 49 0 1
567 16.073 12 3 56 0 1
568 23.26 12 4 46 0 1
569 37.299999 12 13 45 0 1
570 11 12 4 32 0 1
571 13.075 12 17 43 1 1
572 13.7 12 4 34 1 1
573 25.1 12 0 30 1 1
574 18.6 17 15 38 2 1
575 29 16 11 33 1 1
576 19.237 12 23 52 0 1
577 19.855 11 1 43 0 1
578 9.45 12 5 33 1 1
579 30 10 1 45 0 1
580 15 10 5 36 2 1
581 24.701 12 3 34 1 1
582 15.9 14 3 37 0 1
583 16.24 10 19 46 0 1
584 21.1 12 20 47 0 1
585 23 16 5 31 2 1
586 6.34 5 0 57 0 1
587 42.25 12 3 30 1 1
588 14.694 12 3 30 0 1
589 21.417 12 7 44 0 1
590 20.200001 13 7 53 0 1
591 12.09 8 1 51 0 1
592 24.76 12 13 39 1 1
593 23 8 0 52 0 1
594 19.365 8 0 46 0 1
595 5.55 12 12 47 0 1
596 68.035004 8 0 52 0 1
597 29.299999 12 5 45 0 1
598 18.5 11 45 60 0 1
599 22.582001 13 10 41 0 1
600 21.5 8 2 39 0 1
601 28.07 12 3 49 0 1
602 50.3 15 1 32 1 1
603 23.5 12 5 33 1 1
604 15.5 10 10 36 0 1
605 13.44 13 4 37 3 1
606 8.1 12 7 30 1 1
607 9.8 11 9 44 1 1
608 20.3 12 5 48 0 1
609 15 11 4 40 0 1
610 56.1 13 11 47 0 1
611 22.846 12 9 36 0 1
612 22.225 11 4 40 0 1
613 17.635 12 2 46 0 1
614 18.5 12 23 52 0 1
615 13.39 12 3 44 0 1
616 15.15 10 15 45 0 1
617 16.2 7 8 30 2 1
618 33.92 12 3 40 1 1
619 14 12 25 43 0 1
620 16.736 12 2 49 0 1
621 30.65 12 0 46 1 1
622 12.4 11 19 52 0 1
623 19.022 12 3 31 1 1
624 11.203 10 7 42 1 1
625 19.876 11 1 33 0 1
626 57 16 9 57 0 1
627 18.29 10 3 49 0 1
628 20.22 14 8 45 0 1
629 22.15 11 0 56 0 1
630 30.623 12 5 41 1 1
631 9.38 5 20 56 0 1
632 22 10 3 48 0 1
633 23.675 16 12 52 0 1
634 33.671 12 5 51 0 1
635 12.367 11 1 35 0 1
636 21.95 12 0 45 0 1
637 32 12 7 54 0 1
638 22.61 12 13 54 0 1
639 12.092 12 3 31 1 1
640 3.777 6 0 53 0 1
641 36 14 2 35 2 1
642 26.9 12 0 36 1 1
643 32.242 12 2 59 0 1
644 35.02 16 1 54 0 1
645 37.6 12 10 37 1 1
646 1.5 12 10 44 0 1
647 96 17 1 34 1 1
648 18.15 12 3 49 0 1
649 15.5 12 32 49 0 1
650 14 9 0 60 0 1
651 14.756 12 7 51 0 1
652 22 12 5 30 1 1
653 24.466 12 2 47 0 1
654 24.4 12 5 36 0 1
655 24 12 3 35 1 1
656 15.5 12 25 58 0 1
657 30.8 14 0 41 1 1
658 10.66 10 3 51 0 1
659 13.35 12 10 47 0 1
660 10.09 9 10 45 1 1
661 55.6 14 7 60 0 1
662 25.7 16 5 30 1 1
663 29 11 15 55 0 1
664 7.286 12 1 32 1 1
665 37.752 12 5 36 0 1
666 13.072 12 9 55 0 1
667 7.044 12 18 47 0 1
668 18.2 12 1 47 0 1
669 27 11 0 37 0 1
670 30.3 12 6 50 0 1
671 12 12 1 30 0 1
672 31.5 17 2 48 0 1
673 27.092 10 15 43 0 1
674 20.968 11 25 48 1 1
675 27 14 1 41 1 1
676 11.225 12 0 50 0 1
677 37.7 8 0 58 0 1
678 28.2 13 0 38 0 1
679 34 12 8 37 0 1
680 63.2 16 22 50 0 1
681 7.5 8 5 42 0 1
682 17.41 9 10 37 1 1
683 51 16 1 41 0 1
684 12.916 12 1 31 0 1
685 21.9 12 6 51 0 1
686 17.64 12 4 36 1 1
687 20 15 6 54 0 1
688 15 12 0 49 0 1
689 14.06 9 1 48 1 1
690 15.825 9 3 42 0 1
691 16.51 12 15 41 1 1
692 13 16 33 55 0 1
693 10 9 2 42 0 1
694 22 15 1 32 0 1
695 29.8 12 10 43 0 1
696 15 12 0 33 1 1
697 22.3 15 14 48 0 1
698 14.55 12 15 43 0 1
699 19.73 17 15 47 1 1
700 35 12 10 54 0 1
701 21.014 12 6 51 0 1
702 10.876 10 18 51 0 1
703 27.85 13 15 43 1 1
704 9.56 12 30 53 0 1
705 30.3 11 15 34 1 1
706 7.72 8 10 31 1 1
707 10.55 12 0 56 0 1
708 24.106 16 0 42 0 1
709 22.995 12 4 32 0 1
710 6 12 0 35 1 1
711 24.35 12 3 30 1 1
712 7.608 10 20 51 0 1
713 28.2 12 3 47 0 1
714 16.15 12 1 54 0 1
715 51.2 15 5 31 3 1
716 12.646 10 7 47 0 1
717 19 14 6 47 0 1
718 19 12 2 40 0 1
719 14.4 8 0 48 0 1
720 7.232 8 10 34 0 1
721 21.943 12 6 38 0 1
722 47.5 12 4 32 1 1
723 28.9 16 8 48 0 1
724 12.4 12 18 41 0 1
725 6.531 5 7 49 0 1
726 22.422 8 15 59 0 1
727 22.2 13 7 58 0 1
728 77 12 8 41 0 1
729 88 12 8 45 0 1
730 26.04 14 3 30 1 1
731 63.5 12 10 41 0 1
732 12.1 12 9 30 2 1
733 17.505 12 24 53 0 1
734 18 12 12 31 0 1
735 28.069 14 2 43 0 1
736 14 12 6 31 1 1
737 8.117 12 18 51 0 1
738 11.895 9 17 43 0 1
739 45.25 14 7 31 1 1
740 31.106 11 6 48 0 1
741 4 12 10 31 1 1
742 40.5 12 5 44 0 1
743 21.62 11 7 48 0 1
744 23.426 12 11 53 0 1
745 26 10 14 42 0 1
746 7.84 12 5 39 2 1
747 6.8 10 2 32 1 1
748 5.33 12 4 36 0 1
749 28.2 13 5 40 0 1
750 10 12 14 31 2 1
751 9.952 12 4 43 0 1
752 24.984 12 15 60 0 1
753 28.363 9 12 39 0 1
