*OBS	LFP
1	0
2	1
3	0
4	0
5	0
6	1
7	0
8	1
9	0
10	0
11	0
12	0
13	0
14	0
15	0
16	0
17	0
18	1
19	0
20	1
21	0
22	1
23	0
24	0
25	1
26	1
27	0
28	0
29	1
30	0
31	0
32	0
33	0
34	0
35	0
36	0
37	0
38	0
39	1
40	0
41	1
42	0
43	0
44	0
45	0
46	0
47	0
48	0
49	0
50	1
51	0
52	1
53	1
54	1
55	1
56	1
57	0
58	0
59	0
60	0
61	0
62	0
63	0
64	1
65	0
66	1
67	1
68	0
69	1
70	0
71	0
72	1
73	0
74	0
75	0
76	1
77	0
78	1
79	1
80	1
81	0
82	1
83	0
84	0
85	1
86	0
87	0
88	0
89	0
90	1
91	0
92	0
93	0
94	0
95	0
96	0
97	0
98	0
99	0
100	1
101	1
102	1
103	1
104	1
105	1
106	0
107	0
108	1
109	0
110	0
111	0
112	1
113	1
114	1
115	1
116	0
117	0
118	1
119	1
120	0
121	1
122	0
123	0
124	0
125	0
126	1
127	0
128	1
129	0
130	1
131	0
132	1
133	1
134	1
135	0
136	1
137	0
138	1
139	0
140	1
141	0
142	1
143	0
144	0
145	0
146	0
147	1
148	0
149	1
150	1
151	1
152	1
153	0
154	0
155	1
156	1
157	0
158	0
159	0
160	0
161	0
162	0
163	0
164	1
165	0
166	0
167	1
168	1
169	0
170	1
171	1
172	0
173	0
174	0
175	1
176	0
177	0
178	0
179	1
180	0
181	0
182	0
183	1
184	0
185	0
186	0
187	0
188	0
189	0
190	0
191	0
192	1
193	0
194	1
195	0
196	0
197	1
198	0
199	0
200	0
201	1
202	0
203	0
204	0
205	0
206	1
207	0
208	0
209	1
210	1
211	0
212	1
213	0
214	0
215	1
216	1
217	1
218	0
219	0
220	0
221	0
222	0
223	1
224	0
225	0
226	0
227	1
228	0
229	1
230	0
231	1
232	0
233	0
234	1
235	0
236	0
237	1
238	0
239	0
240	0
241	1
242	0
243	0
244	0
245	0
246	1
247	0
248	1
249	0
250	1
251	0
252	0
253	0
254	1
255	0
256	1
257	0
258	1
259	1
260	0
261	1
262	1
263	0
264	0
265	1
266	0
267	1
268	0
269	0
270	1
271	0
272	1
273	1
274	1
275	1
276	0
277	0
278	0
279	0
280	0
281	1
282	0
283	0
284	1
285	1
286	0
287	0
288	1
289	0
290	1
291	0
292	0
293	0
294	0
295	0
296	1
297	0
298	1
299	1
300	1
301	1
302	1
303	0
304	0
305	1
306	0
307	1
308	1
309	1
310	0
311	1
312	0
313	0
314	1
315	0
316	1
317	1
318	0
319	1
320	1
321	0
322	0
323	0
324	0
325	1
326	0
327	1
328	0
329	1
330	0
331	1
332	0
333	0
334	0
335	0
336	0
337	0
338	1
339	1
340	1
341	1
342	0
343	0
344	0
345	0
346	0
347	0
348	1
349	0
350	1
351	1
352	0
353	1
354	0
355	0
356	0
357	0
358	0
359	0
360	0
361	0
362	0
363	0
364	1
365	1
366	0
367	1
368	0
369	1
370	1
371	0
372	1
373	0
374	0
375	1
376	1
377	1
378	0
379	1
380	1
381	1
382	0
383	0
384	1
385	0
386	0
387	0
388	1
389	0
390	1
391	0
392	0
393	0
394	1
395	1
396	1
397	1
398	1
399	0
400	1
401	0
402	0
403	1
404	1
405	1
406	1
407	1
408	0
409	1
410	1
411	1
412	1
413	1
414	0
415	0
416	1
417	0
418	0
419	0
420	0
421	0
422	1
423	0
424	1
425	0
426	1
427	0
428	1
429	0
430	1
431	0
432	0
433	0
434	1
435	0
436	1
437	0
438	0
439	0
440	1
441	1
442	0
443	1
444	1
445	1
446	1
447	0
448	0
449	0
450	0
451	1
452	1
453	0
454	1
455	1
456	0
457	0
458	0
459	0
460	0
461	0
462	0
463	1
464	1
465	0
466	0
467	1
468	1
469	0
470	1
471	0
472	1
473	0
474	0
475	1
476	1
477	0
478	0
479	0
480	1
481	1
482	1
483	1
484	0
485	0
486	1
487	0
488	0
489	1
490	0
491	0
492	0
493	1
494	0
495	1
496	1
497	1
498	1
499	1
500	1
501	1
502	0
503	0
504	0
505	0
506	1
507	1
508	0
509	0
510	1
511	1
512	1
513	0
514	1
515	0
516	0
517	1
518	1
519	1
520	1
521	1
522	1
523	0
524	1
525	1
526	0
527	0
528	0
529	1
530	1
531	0
532	1
533	0
534	0
535	0
536	0
537	0
538	0
539	0
540	1
541	1
542	1
543	1
544	1
545	0
546	0
547	0
548	0
549	0
550	0
551	0
552	0
553	0
554	0
555	0
556	0
557	0
558	1
559	0
560	1
561	0
562	0
563	0
564	0
565	0
566	0
567	0
568	0
569	0
570	0
571	0
572	0
573	0
574	1
575	0
576	0
577	0
578	0
579	0
580	1
581	0
582	0
583	1
584	0
585	1
586	0
587	0
588	1
589	1
590	0
591	0
592	0
593	0
594	0
595	0
596	1
597	0
598	0
599	0
600	0
601	1
602	1
603	1
604	0
605	0
606	1
607	0
608	1
609	0
610	0
611	0
612	1
613	0
614	0
615	1
616	1
617	0
618	0
619	1
620	0
621	0
622	0
623	1
624	0
625	0
626	0
627	0
628	0
629	1
630	0
631	0
632	0
633	0
634	1
635	1
636	1
637	0
638	0
639	1
640	1
641	0
642	0
643	0
644	0
645	0
646	0
647	0
648	0
649	0
650	0
651	0
652	0
653	0
654	1
655	0
656	0
657	1
658	1
659	1
660	1
661	1
662	0
663	0
664	1
665	1
666	1
667	1
668	1
669	0
670	1
671	1
672	1
673	1
674	0
675	1
676	0
677	1
678	1
679	0
680	1
681	1
682	1
683	1
684	1
685	1
686	0
687	1
688	1
689	0
690	0
691	0
692	1
693	1
694	1
695	1
696	1
697	1
698	1
699	1
700	0
701	1
702	1
703	1
704	1
705	1
706	1
707	1
708	1
709	1
710	0
711	0
712	1
713	0
714	1
715	0
716	1
717	1
718	0
719	1
720	1
721	0
722	1
723	1
724	1
725	1
726	0
727	1
728	0
729	1
730	1
731	0
732	0
733	1
734	1
735	0
736	1
737	1
738	1
739	0
740	1
741	1
742	0
743	0
744	1
745	1
746	1
747	1
748	1
749	1
750	1
751	1
752	0
753	1
754	0
755	0
756	1
757	1
758	0
759	1
760	1
761	1
762	1
763	1
764	1
765	1
766	1
767	1
768	1
769	0
770	0
771	0
772	1
773	1
774	1
775	0
776	0
777	0
778	1
779	1
780	1
781	0
782	0
783	1
784	1
785	1
786	1
787	1
788	1
789	1
790	1
791	1
792	1
793	1
794	1
795	1
796	1
797	1
798	1
799	0
800	0
801	0
802	0
803	1
804	1
805	1
806	0
807	1
808	0
809	1
810	1
811	1
812	1
813	0
814	1
815	1
816	1
817	0
818	0
819	0
820	1
821	0
822	0
823	0
824	1
825	1
826	1
827	1
828	0
829	0
830	1
831	0
832	1
833	0
834	1
835	1
836	0
837	0
838	1
839	1
840	0
841	1
842	1
843	1
844	1
845	1
846	0
847	0
848	1
849	0
850	1
851	1
852	1
853	1
854	0
855	0
856	1
857	1
858	0
859	1
860	1
861	1
862	1
863	0
864	0
865	0
866	1
867	1
868	0
869	1
870	0
871	1
872	0
